13407807929942597099574024998205846127479365820592393377723561443721764030073604872846492956264615213182536202140412685846086703093966298738437605571603842
13407807929942597099574024998205846127479365820592393377723561443721764030073604872846492956264615213182536202140412685846086703093966298738437605571999238
13407807929942597099574024998205846127479365820592393377723561443721764030073604872846492956264615213182536202140412685846086703093966298738437605581746338
13407807929942597099574024998205846127479365820592393377723561443721764030073604872846492956264615213182536202140412685846086703093966298738437605693352212
13407807929942597099574024998205846127479365820592393377723561443721764030073604872846492956264615213182536202140412685846086703093966298738437606024188888
13407807929942597099574024998205846127479365820592393377723561443721764030073604872846492956264615213182536202140412685846086703093966298738437607287782230
13407807929942597099574024998205846127479365820592393377723561443721764030073604872846492956264615213182536202140412685846086703093966298738437607287906536
13407807929942597099574024998205846127479365820592393377723561443721764030073604872846492956264615213182536202140412685846086703093966298738437607288454128
13407807929942597099574024998205846127479365820592393377723561443721764030073604872846492956264615213182536202140412685846086703093966298738437607288851950
13407807929942597099574024998205846127479365820592393377723561443721764030073604872846492956264615213182536202140412685846086703093966298738437607288888016
13407807929942597099574024998205846127479365820592393377723561443721764030073604872846492956264615213182536202140412685846086703093966298738437607288904222
13407807929942597099574024998205846127479365820592393377723561443721764030073604872846492956264615213182536202140412685846086703093966298738437607288916806
13407807929942597099574024998205846127479365820592393377723561443721764030073604872846492956264615213182536202140412685846086703093966298738437607289353120
13407807929942597099574024998205846127479365820592393377723561443721764030073604872846492956264615213182536202140412685846086703093966298738437607291292282
13407807929942597099574024998205846127479365820592393377723561443721764030073604872846492956264615213182536202140412685846086703093966298738437607291313050
13407807929942597099574024998205846127479365820592393377723561443721764030073604872846492956264615213182536202140412685846086703093966298738437607291354358
13407807929942597099574024998205846127479365820592393377723561443721764030073604872846492956264615213182536202140412685846086703093966298738437607291415807
13407807929942597099574024998205846127479365820592393377723561443721764030073604872846492956264615213182536202140412685846086703093966298738437607483673559
13407807929942597099574024998205846127479365820592393377723561443721764030073662768891111614362326998675040546094339320838419523375986027530441562135724301
